x: 2 4 2 4 
f(x): 2 4 4 2 
x_interpolated: 8 7.7525 7.51 7.2725 7.04 6.8125 6.59 6.3725 6.16 5.9525 5.75 5.5525 5.36 5.1725 4.99 4.8125 4.64 4.4725 4.31 4.1525 4 3.8525 3.71 3.5725 3.44 3.3125 3.19 3.0725 2.96 2.8525 2.75 2.6525 2.56 2.4725 2.39 2.3125 2.24 2.1725 2.11 2.0525 2 1.9525 1.91 1.8725 1.84 1.8125 1.79 1.7725 1.76 1.7525 1.75 1.7525 1.76 1.7725 1.79 1.8125 1.84 1.8725 1.91 1.9525 2 2.0525 2.11 2.1725 2.24 2.3125 2.39 2.4725 2.56 2.6525 2.75 2.8525 2.96 3.0725 3.19 3.3125 3.44 3.5725 3.71 3.8525 4 4.1525 4.31 4.4725 4.64 4.8125 4.99 5.1725 5.36 5.5525 5.75 5.9525 6.16 6.3725 6.59 6.8125 7.04 7.2725 7.51 7.7525 
f(x_interpolated): 8 7.49575 7.016 6.56025 6.128 5.71875 5.332 4.96725 4.624 4.30175 4 3.71825 3.456 3.21275 2.988 2.78125 2.592 2.41975 2.264 2.12425 2 1.89075 1.796 1.71525 1.648 1.59375 1.552 1.52225 1.504 1.49675 1.5 1.51325 1.536 1.56775 1.608 1.65625 1.712 1.77475 1.844 1.91925 2 2.08575 2.176 2.27025 2.368 2.46875 2.572 2.67725 2.784 2.89175 3 3.10825 3.216 3.32275 3.428 3.53125 3.632 3.72975 3.824 3.91425 4 4.08075 4.156 4.22525 4.288 4.34375 4.392 4.43225 4.464 4.48675 4.5 4.50325 4.496 4.47775 4.448 4.40625 4.352 4.28475 4.204 4.10925 4 3.87575 3.736 3.58025 3.408 3.21875 3.012 2.78725 2.544 2.28175 2 1.69825 1.376 1.03275 0.668 0.28125 -0.128 -0.56025 -1.016 -1.49575 
