x: 	1		2		3		5		6		7		8		9	
f(x): 	1		4		4		2		3		3		4		2	
x_interpolated: 	1		1.08		1.16		1.24		1.32		1.4		1.48		1.56		1.64		1.72		1.8		1.88		1.96		2.04		2.12		2.2		2.28		2.36		2.44		2.52		2.6		2.68		2.76		2.84		2.92		3		3.08		3.16		3.24		3.32		3.4		3.48		3.56		3.64		3.72		3.8		3.88		3.96		4.04		4.12		4.2		4.28		4.36		4.44		4.52		4.6		4.68		4.76		4.84		4.92		5		5.08		5.16		5.24		5.32		5.4		5.48		5.56		5.64		5.72		5.8		5.88		5.96		6.04		6.12		6.2		6.28		6.36		6.44		6.52		6.6		6.68		6.76		6.84		6.92		7		7.08		7.16		7.24		7.32		7.4		7.48		7.56		7.64		7.72		7.8		7.88		7.96		8.04		8.12		8.2		8.28		8.36		8.44		8.52		8.6		8.68		8.76		8.84		8.92	
f(x_interpolated): 	8.30733		4.06028		1.28566		-0.328254		-1.04778		-1.09856		-0.669858		0.0813769		1.02684		2.06339		3.10994		4.10453		5.00165		5.76989		6.38969		6.85136		7.15331		7.30046		7.30277		7.17401		6.93067		6.59093		6.17391		5.69891		5.18481		4.64963		4.1101		3.58136		3.07678		2.60772		2.18355		1.81153		1.4969		1.24288		1.05084		0.920399		0.849565		0.834956		0.871974		0.955012		1.07767		1.23298		1.41359		1.61198		1.82071		2.03251		2.24055		2.43852		2.62083		2.78266		2.92013		3.0303		3.11127		3.16217		3.1832		3.17557		3.14146		3.08395		3.00696		2.91507		2.81347		2.70773		2.60371		2.50732		2.42438		2.36042		2.32049		2.30894		2.32927		2.38394		2.47421		2.6		2.75976		2.9504		3.16726		3.40405		3.65294		3.90464		4.14857		4.37308		4.56581		4.71401		4.80512		4.8273		4.7702		4.62577		4.3892		4.06008		3.64364		3.15217		2.6066		2.03835		1.49122		1.02366		0.711115		0.648708		0.954104		1.77066		3.27085		5.65995	
