x: 	1		2		3		5		6		7		8		9	
f(x): 	1		4		4		2		3		3		4		2	
x_interpolated: 	1		1.07921		1.15842		1.23762		1.31683		1.39604		1.47525		1.55446		1.63366		1.71287		1.79208		1.87129		1.9505		2.0297		2.10891		2.18812		2.26733		2.34653		2.42574		2.50495		2.58416		2.66337		2.74257		2.82178		2.90099		2.9802		3.05941		3.13861		3.21782		3.29703		3.37624		3.45545		3.53465		3.61386		3.69307		3.77228		3.85149		3.93069		4.0099		4.08911		4.16832		4.24752		4.32673		4.40594		4.48515		4.56436		4.64356		4.72277		4.80198		4.88119		4.9604		5.0396		5.11881		5.19802		5.27723		5.35644		5.43564		5.51485		5.59406		5.67327		5.75248		5.83168		5.91089		5.9901		6.06931		6.14851		6.22772		6.30693		6.38614		6.46535		6.54455		6.62376		6.70297		6.78218		6.86139		6.94059		7.0198		7.09901		7.17822		7.25743		7.33663		7.41584		7.49505		7.57426		7.65347		7.73267		7.81188		7.89109		7.9703		8.0495		8.12871		8.20792		8.28713		8.36634		8.44554		8.52475		8.60396		8.68317		8.76238		8.84158		8.92079	
f(x_interpolated): 	0.977667		1.40919		1.80246		2.15927		2.48138		2.77053		3.02839		3.25662		3.45682		3.63056		3.77937		3.90474		4.00812		4.09092		4.15452		4.20025		4.22942		4.24328		4.24307		4.22995		4.20509		4.1696		4.12454		4.07096		4.00986		3.9422		3.86891		3.79088		3.70898		3.62401		3.53677		3.448		3.35841		3.26869		3.17948		3.09138		3.00498		2.9208		2.83936		2.76113		2.68653		2.61598		2.54984		2.48846		2.43212		2.3811		2.33564		2.29593		2.26215		2.23444		2.21289		2.19759		2.18857		2.18584		2.18937		2.19912		2.21499		2.23687		2.26462		2.29803		2.33692		2.38104		2.4301		2.48382		2.54186		2.60386		2.66943		2.73813		2.80953		2.88313		2.95844		3.03491		3.11197		3.18903		3.26545		3.3406		3.41377		3.48428		3.55137		3.61427		3.67221		3.72435		3.76985		3.80784		3.8374		3.85762		3.86753		3.86616		3.85249		3.82549		3.78411		3.72725		3.6538		3.56263		3.45257		3.32244		3.17101		2.99707		2.79933		2.57652		2.0504	
